,Accession,Module,Description,Phos,Sequence,Genes,Mouse Kinase,MySequence
173,B1AXD8,34,"Akirin-2, org=Mus musculus",No,MEPSPFGDVSSR,Akirin2,False,MEPSPFGDVSSR
211,B8JKV0,34,"Protein AMN1 homolog, org=Mus musculus",No,NSITSEGIK,Amn1,False,NSITSEGIK
350,G3X9Z4,34,"Pre-mRNA cleavage complex 2 protein Pcf11, org=Mus musculus",No,VHEEVVLK,Pcf11,False,VHEEVVLK
379,O08543,34,"Ephrin-A5, org=Mus musculus",No,YVLYMVNFDGYSACDHTSK,Efna5,False,YVLYMVNFDGYSACDHTSK
415,O08580;Q61539,34,"Steroid hormone receptor ERR1;Steroid hormone receptor ERR2, org=Mus musculus",No,LLLTLPLLR,Esrra;Esrrb,False,LLLTLPLLR
703,O54972;O70374;Q61909,34,"Protein CBFA2T3;Protein CBFA2T2;Protein CBFA2T1, org=Mus musculus",No,LQEATNFPLRPFVIPFLK,Cbfa2t3;Cbfa2t2;Runx1t1,False,LQEATNFPLRPFVIPFLK
877,O88466,34,"Zinc finger protein 106, org=Mus musculus",No,SGCDEVSSTSELGTR,Znf106,False,SGCDEVSSTSELGTR
1335,P10639,34,"Thioredoxin, org=Mus musculus",No,CMPTFQFYK,Txn,False,CMPTFQFYK
1521,P16045,34,"Galectin-1, org=Mus musculus",No,ACGLVASNLNLKPGECLK,Lgals1,False,ACGLVASNLNLKPGECLK
1848,P28653,34,"Biglycan, org=Mus musculus",No,VVQCSDLGLK,Bgn,False,VVQCSDLGLK
2024,P37889,34,"Fibulin-2, org=Mus musculus",No,TTCQDITECQTSPAR,Fbln2,False,TTCQDITECQTSPAR
2367,P54797,34,"Transport and Golgi organization 2 homolog, org=Mus musculus",No,LILAANRDEFYNRPSK,Tango2,False,LILAANRDEFYNRPSK
2485,P58802,34,"TBC1 domain family member 10A, org=Mus musculus",Yes,HALGs*PEKLKACQGQYETIEQLR,Tbc1d10a,False,LKHALGS*PEKLKAC
2486,P58802,34,"TBC1 domain family member 10A, org=Mus musculus",No,AILDAEPGPRPALQPSPSIR,Tbc1d10a,False,AILDAEPGPRPALQPSPSIR
2511,P59280,34,"Kelch-like protein 8, org=Mus musculus",No,GGVGIATVMGK,Klhl8,False,GGVGIATVMGK
2736,P62984,34,"Ubiquitin-ribosomal protein eL40 fusion protein, org=Mus musculus",No,CGHTNNLRPK,Uba52,False,CGHTNNLRPK
2833,P63330,34,"Serine/threonine-protein phosphatase 2A catalytic subunit alpha isoform, org=Mus musculus",No,QLSESQVK,Ppp2ca,False,QLSESQVK
2851,P68373,34,"Tubulin alpha-1C chain, org=Mus musculus",No,AYHEQLTVAEITNACFEPANQMVK,Tuba1c,False,AYHEQLTVAEITNACFEPANQMVK
2872,P70196,34,"TNF receptor-associated factor 6, org=Mus musculus",No,LLAQAVHNVNLALRPCDAASPSR,Traf6,False,LLAQAVHNVNLALRPCDAASPSR
2919,P70340,34,"Mothers against decapentaplegic homolog 1, org=Mus musculus",No,RVESPVLPPVLVPR,Smad1,False,RVESPVLPPVLVPR
3054,P97367;P97368;Q60954,34,"Homeobox protein Meis2;Homeobox protein Meis3;Homeobox protein Meis1, org=Mus musculus",No,IVQPMIDQSNR,Meis2;Meis3;Meis1,False,IVQPMIDQSNR
3059,P97376,34,"Protein FRG1, org=Mus musculus",No,QCEINYVKK,Frg1,False,QCEINYVKK
3093,P97447,34,"Four and a half LIM domains protein 1, org=Mus musculus",No,FVFHNEQVYCPDCAK,Fhl1,False,FVFHNEQVYCPDCAK
3275,Q04886,34,"Transcription factor SOX-8, org=Mus musculus",No,GGGGGTLK,Sox8,False,GGGGGTLK
3277,Q04888,34,"Transcription factor SOX-10, org=Mus musculus",No,AAQGEAECPGGEAEQGGAAAIQAHYK,Sox10,False,AAQGEAECPGGEAEQGGAAAIQAHYK
3285,Q05816,34,"Fatty acid-binding protein 5, org=Mus musculus",No,LMESHGFEEYMK,Fabp5,False,LMESHGFEEYMK
3304,Q06770,34,"Corticosteroid-binding globulin, org=Mus musculus",No,HYYESEALTIPSKDWTK,Serpina6,False,HYYESEALTIPSKDWTK
3321,Q08091,34,"Calponin-1, org=Mus musculus",No,GPAYGLSAEVK,Cnn1,False,GPAYGLSAEVK
3322,Q08093,34,"Calponin-2, org=Mus musculus",No,GPSYGLSAEVK,Cnn2,False,GPSYGLSAEVK
3328,Q08288,34,"Cell growth-regulating nucleolar protein, org=Mus musculus",No,VRELLQQISAFDNVPR,Lyar,False,VRELLQQISAFDNVPR
3391,Q149C2,34,"TRAF3-interacting protein 1, org=Mus musculus",No,SLIFESAWKK,Traf3ip1,False,SLIFESAWKK
3493,Q3TGF2,34,"Protein FAM107B, org=Mus musculus",No,RTGQEVAQAQES,Fam107b,False,RTGQEVAQAQES
3555,Q3TVI4,34,"Protein HEXIM2, org=Mus musculus",No,TQSPGGCSVEAVLAR,Hexim2,False,TQSPGGCSVEAVLAR
3605,Q3U1J1,34,"TCF3 fusion partner homolog, org=Mus musculus",No,TTATLDPTSPAPGEGPSGR,Tfpt,False,TTATLDPTSPAPGEGPSGR
3628,Q3U3N6,34,"AP-4 complex accessory subunit Tepsin, org=Mus musculus",No,AAEVVANAVRPGPDNPCTK,Tepsin,False,AAEVVANAVRPGPDNPCTK
3829,Q3URV1,34,"Protein broad-minded, org=Mus musculus",No,GLLLLQR,Tbc1d32,False,GLLLLQR
3842,Q3UTQ8,34,"Cyclin-dependent kinase-like 5, org=Mus musculus",No,SPELLLGAPYGK,Cdkl5,True,SPELLLGAPYGK
4039,Q5DW34,34,"Histone-lysine N-methyltransferase EHMT1, org=Mus musculus",No,ADTTSTVTLAPGQEK,Ehmt1,False,ADTTSTVTLAPGQEK
4205,Q60632,34,"COUP transcription factor 1, org=Mus musculus",No,SQCALEEYVR,Nr2f1,False,SQCALEEYVR
4297,Q60974,34,"Nuclear receptor corepressor 1, org=Mus musculus",No,SAAVSEQQQLEQK,Ncor1,False,SAAVSEQQQLEQK
4412,Q61398,34,"Procollagen C-endopeptidase enhancer 1, org=Mus musculus",No,GFLLWYSGR,Pcolce,False,GFLLWYSGR
4533,Q62059,34,"Versican core protein, org=Mus musculus",No,LATVGELQAAWR,Vcan,False,LATVGELQAAWR
4699,Q64299,34,"CCN family member 3, org=Mus musculus",No,FCGVCSDGR,Ccn3,False,FCGVCSDGR
4760,Q64727,34,"Vinculin, org=Mus musculus",No,LVQAAQMLQSDPYSVPARDYLIDGSR,Vcl,False,LVQAAQMLQSDPYSVPARDYLIDGSR
4802,Q68FF0,34,"SANT and BTB domain regulator of class switch recombination, org=Mus musculus",No,LFDPEYSNPDSR,Sanbr,False,LFDPEYSNPDSR
4830,Q69ZA1,34,"Cyclin-dependent kinase 13, org=Mus musculus",No,ILELTPEPDRPR,Cdk13,False,ILELTPEPDRPR
4934,Q6NS52,34,"Diacylglycerol kinase beta, org=Mus musculus",Yes,ANs*VTMDGQGLQITPVPGTHPLLVFVNPK,Dgkb,False,KMQRANS*VTMDGQG
4935,Q6NS52,34,"Diacylglycerol kinase beta, org=Mus musculus",No,HPPVAILPLGTGNDLAR,Dgkb,False,HPPVAILPLGTGNDLAR
5023,Q6P5E6,34,"ADP-ribosylation factor-binding protein GGA2, org=Mus musculus",No,LASDTTDDDDALAEILQANDLLTQGVR,Gga2,False,LASDTTDDDDALAEILQANDLLTQGVR
5049,Q6P8Z1,34,"Protein B-Myc, org=Mus musculus",No,DHDGDSFSIADLPELPGGDAVK,Mycb,False,DHDGDSFSIADLPELPGGDAVK
5095,Q6PCN3,34,"Tau-tubulin kinase 1, org=Mus musculus",Yes,SETSQPPTPGSPSHSPLHs*GPRPR,Ttbk1,True,SHSPLHs*GPRPRRR
5096,Q6PCN3,34,"Tau-tubulin kinase 1, org=Mus musculus",No,SPGLPASTAR,Ttbk1,True,SPGLPASTAR
5136,Q6PDY0,34,"Coiled-coil domain-containing protein 85B, org=Mus musculus",No,LAALVQR,Ccdc85b,False,LAALVQR
5217,Q6PJN8,34,"DALR anticodon-binding domain-containing protein 3, org=Mus musculus",No,MAGVPGTQLTAPQYYR,Dalrd3,False,MAGVPGTQLTAPQYYR
5270,Q6ZPK7,34,"Lateral signaling target protein 2 homolog, org=Mus musculus",No,CLAHTSGPQVDTASR,Zfyve28,False,CLAHTSGPQVDTASR
5354,Q78T81,34,"Early estrogen-induced gene 1 protein, org=Mus musculus",No,SISIPGQDSSLQLTCK,Eeig1,False,SISIPGQDSSLQLTCK
5432,Q7TPD1,34,"F-box only protein 11, org=Mus musculus",No,AYANPTVVR,Fbxo11,False,AYANPTVVR
5445,Q7TPQ3,34,"E3 ubiquitin-protein ligase SHPRH, org=Mus musculus",No,TVSSILYPLLR,Shprh,False,TVSSILYPLLR
5480,Q7TQK1,34,"Integrator complex subunit 7, org=Mus musculus",No,LALSPSPR,Ints7,False,LALSPSPR
5659,Q80VC6,34,"tRNA selenocysteine 1-associated protein 1, org=Mus musculus",No,VVLDPTGVSK,Trnau1ap,False,VVLDPTGVSK
5707,Q80X41,34,"Serine/threonine-protein kinase VRK1, org=Mus musculus",No,AAKPEQIQK,Vrk1,True,AAKPEQIQK
5744,Q80XP9,34,"Serine/threonine-protein kinase WNK3, org=Mus musculus",No,IGDLGLATLMR,Wnk3,True,IGDLGLATLMR
5853,Q810N6,34,"Ankyrin repeat domain-containing protein 45, org=Mus musculus",No,QQLEDIVSPILAK,Ankrd45,False,QQLEDIVSPILAK
6018,Q8BGY2,34,"Eukaryotic translation initiation factor 5A-2, org=Mus musculus",No,ADEIDFTTGDAGASSTYPMQCSALR,Eif5a2,False,ADEIDFTTGDAGASSTYPMQCSALR
6064,Q8BHA0,34,"INO80 complex subunit C, org=Mus musculus",No,MASSELSSGPVEK,Ino80c,False,MASSELSSGPVEK
6331,Q8BPM2,34,"Mitogen-activated protein kinase kinase kinase kinase 5, org=Mus musculus",No,TASEINFDKLQFEPPLRK,Map4k5,False,TASEINFDKLQFEPPLRK
6358,Q8BQS4,34,"EEIG family member 2, org=Mus musculus",No,VGSGAYEQVVIKR,Eeig2,False,VGSGAYEQVVIKR
6380,Q8BRM2,34,"RAB6-interacting golgin, org=Mus musculus",No,ALLAQAIAER,Gorab,False,ALLAQAIAER
6650,Q8C006,34,"E3 ubiquitin-protein ligase TRIM35, org=Mus musculus",No,EPGPSVSPGPSR,Trim35,False,EPGPSVSPGPSR
6697,Q8C0V0,34,"Serine/threonine-protein kinase tousled-like 1, org=Mus musculus",No,FTGVATGSTGSTGSCSVGAK,Tlk1,True,FTGVATGSTGSTGSCSVGAK
7303,Q8K285,34,"F-BAR domain only protein 1, org=Mus musculus",No,VFSGTPPPPVLSFR,Fcho1,False,VFSGTPPPPVLSFR
7393,Q8K3K8,34,"Optineurin, org=Mus musculus",No,TSDSDQQTYLFQR,Optn,False,TSDSDQQTYLFQR
7547,Q8R1G1,34,"Threonine aspartase 1, org=Mus musculus",No,GMNSGEGLPSR,Tasp1,False,GMNSGEGLPSR
7556,Q8R1M8,34,"Mucosal pentraxin, org=Mus musculus",No,APTNLPDPVRICVNWESVSGIAEFWLNGKPLGR,Mptx1,False,APTNLPDPVRICVNWESVSGIAEFWLNGKPLGR
7574,Q8R1X6,34,"Spartin, org=Mus musculus",No,GISIAAAEPGHTGPAWEAAR,Spart,False,GISIAAAEPGHTGPAWEAAR
7707,Q8R5F8,34,"Epidermal growth factor receptor kinase substrate 8-like protein 1, org=Mus musculus",No,LVINTVEPSAVR,Eps8l1,False,LVINTVEPSAVR
8026,Q91VI7,34,"Ribonuclease inhibitor, org=Mus musculus",No,ALSQPDTVLR,Rnh1,False,ALSQPDTVLR
8154,Q91X91,34,"Nicotinate-nucleotide pyrophosphorylase [carboxylating], org=Mus musculus",No,LFAEGDTPVPHAR,Qprt,False,LFAEGDTPVPHAR
8200,Q91YD6,34,"Villin-like protein, org=Mus musculus",No,SLATPIFVVK,Vill,False,SLATPIFVVK
8364,Q922H9,34,"Zinc finger protein 330, org=Mus musculus",No,QTGGEEDGASGYDAYWK,Znf330,False,QTGGEEDGASGYDAYWK
8498,Q99JT2,34,"Serine/threonine-protein kinase 26, org=Mus musculus",No,AANVLLSEQGDVK,Stk26,False,AANVLLSEQGDVK
8527,Q99K82,34,"Spermine oxidase, org=Mus musculus",No,VVVIGAGLAGLAAAR,Smox,False,VVVIGAGLAGLAAAR
8762,Q9CPS7,34,"RNA-binding protein PNO1, org=Mus musculus",No,QAEQSSAAGQDGEAGRMDTEEARPAK,Pno1,False,QAEQSSAAGQDGEAGRMDTEEARPAK
8823,Q9CQ74,34,"Leptin receptor overlapping transcript-like 1, org=Mus musculus",No,LVDDTDAMSNACK,Leprotl1,False,LVDDTDAMSNACK
8905,Q9CQS5,34,"Serine/threonine-protein kinase RIO2, org=Mus musculus",No,SVTEFSEESR,Riok2,True,SVTEFSEESR
8912,Q9CQT5,34,"Proteasome maturation protein, org=Mus musculus",No,NIQGLFAPLK,Pomp,False,NIQGLFAPLK
9203,Q9CZ96,34,"Zinc finger CCHC-type and RNA-binding motif-containing protein 1, org=Mus musculus",No,CYECGESGHLSYACPK,Zcrb1,False,CYECGESGHLSYACPK
9332,Q9D198,34,"Pre-mRNA-splicing factor SYF2, org=Mus musculus",No,LLEISAEDAERWER,Syf2,False,LLEISAEDAERWER
9394,Q9D2Q2,34,"Probable tRNA (uracil-O(2)-)-methyltransferase, org=Mus musculus",No,STLSLVSILR,Trmt44,False,STLSLVSILR
9459,Q9D5R3,34,"Centrosomal protein of 83 kDa, org=Mus musculus",No,TLDEEVER,Cep83,False,TLDEEVER
9533,Q9D7K2,34,"CST complex subunit TEN1, org=Mus musculus",No,LYLYDMAR,Ten1,False,LYLYDMAR
9673,Q9DB42,34,"Zinc finger protein 593, org=Mus musculus",No,AAGMGSYVQPQR,Znf593,False,AAGMGSYVQPQR
9748,Q9DBW3,34,"Protein NATD1, org=Mus musculus",No,AVLLYEYVGKR,Natd1,False,AVLLYEYVGKR
9787,Q9DCD5,34,"Tight junction-associated protein 1, org=Mus musculus",No,SGQEVASPSPSPSSSLSPGAVVPTSVIAR,Tjap1,False,SGQEVASPSPSPSSSLSPGAVVPTSVIAR
9806,Q9DCK4,34,"Zinc finger protein 414, org=Mus musculus",No,THCPPTQSLEGK,Znf414,False,THCPPTQSLEGK
10061,Q9JHE7,34,"U5 small nuclear ribonucleoprotein TSSC4, org=Mus musculus",No,VLPVPDYVSHPER,Tssc4,False,VLPVPDYVSHPER
10069,Q9JHI7,34,"Exosome complex component RRP45, org=Mus musculus",No,VLGQVSCELVSPK,Exosc9,False,VLGQVSCELVSPK
10097,Q9JI13,34,"Something about silencing protein 10, org=Mus musculus",No,LTEVKDELEPLLQLVEK,Utp3,False,LTEVKDELEPLLQLVEK
10243,Q9JKV7,34,"Exostosin-like 1, org=Mus musculus",No,LDPVLFKDPVSVQR,Extl1,False,LDPVLFKDPVSVQR
10311,Q9JM98,34,"WD repeat-containing protein WRAP73, org=Mus musculus",No,MITEFGHPATINNPK,Wrap73,False,MITEFGHPATINNPK
10347,Q9QUN9,34,"Dickkopf-related protein 3, org=Mus musculus",No,YCQFSSFK,Dkk3,False,YCQFSSFK
10420,Q9QXW2,34,"F-box/WD repeat-containing protein 5, org=Mus musculus",No,YLYVNSR,Fbxw5,False,YLYVNSR
10663,Q9R0B6,34,"Laminin subunit gamma-3, org=Mus musculus",No,SGNCPCKENVEGSLCDR,Lamc3,False,SGNCPCKENVEGSLCDR
10669,Q9R0G7,34,"Zinc finger E-box-binding homeobox 2, org=Mus musculus",Yes,KLEERDGHAVs*IEEYLQR,Zeb2,False,RDGHAVs*IEEYLQR
10670,Q9R0G7,34,"Zinc finger E-box-binding homeobox 2, org=Mus musculus",No,TGSSPNSVSSSPTNSAITQLR,Zeb2,False,TGSSPNSVSSSPTNSAITQLR
10702,Q9R0Q7,34,"Prostaglandin E synthase 3, org=Mus musculus",No,HLNEIDLFHCIDPNDSK,Ptges3,False,HLNEIDLFHCIDPNDSK
10865,Q9WV60,34,"Glycogen synthase kinase-3 beta, org=Mus musculus",Yes,TTs*FAESCKPVQQPSAFGSMK,Gsk3b,True,GRPRTTS*FAESCKP
10866,Q9WV60,34,"Glycogen synthase kinase-3 beta, org=Mus musculus",No,LLEYTPTAR,Gsk3b,True,LLEYTPTAR
10908,Q9WVG9,34,"Male-specific lethal 3 homolog, org=Mus musculus",No,TITIDIPDVLKK,Msl3,False,TITIDIPDVLKK
